#------------------------------------------------------------------------------
# RUNTIME LES STATISTICAL DATA
#
# Simulation run at:
# 08/31/2017  16:22:58
#
# Field description:
# N         =        256       256       256
# length    =   6.283185  6.283185  6.283185
# nu        =   0.002800
# CFL       =   0.100000
# sgs model =      NONE 
# model c   =   0.200000
#------------------------------------------------------------------------------
# step                     time                     b_11                    b_22                    b_33
1120813      0.114108790616E+03      -0.425681001881E-02     -0.190547286040E-01      0.233115386228E-01
1120873      0.114120095706E+03      -0.412388536483E-02     -0.187568540000E-01      0.228807393649E-01
1120976      0.114140055110E+03      -0.387264642543E-02     -0.181729731256E-01      0.220456195510E-01
1121076      0.114160065372E+03      -0.357517422642E-02     -0.175584896349E-01      0.211336638613E-01
1121174      0.114180078759E+03      -0.322171870167E-02     -0.169428831481E-01      0.201646018498E-01
1121269      0.114200018865E+03      -0.282353339934E-02     -0.163297159887E-01      0.191532493880E-01
1121362      0.114220171375E+03      -0.240052476569E-02     -0.156983284103E-01      0.180988531760E-01
1121454      0.114240124122E+03      -0.199249589100E-02     -0.150509632450E-01      0.170434591360E-01
1121550      0.114260095245E+03      -0.159908144463E-02     -0.143841234333E-01      0.159832048780E-01
1121649      0.114280164352E+03      -0.119972528016E-02     -0.137040528732E-01      0.149037781534E-01
1121750      0.114300038093E+03      -0.794302398358E-03     -0.130260282373E-01      0.138203306357E-01
1121854      0.114320104579E+03      -0.384229375452E-03     -0.123502345115E-01      0.127344638870E-01
1121959      0.114340166782E+03       0.215028778981E-04     -0.117073131404E-01      0.116858102625E-01
1122060      0.114360079048E+03       0.425249054783E-03     -0.111142423358E-01      0.106889932810E-01
1122157      0.114380162769E+03       0.832874661312E-03     -0.105473432037E-01      0.971446854235E-02
1122250      0.114400201094E+03       0.122770284045E-02     -0.997995352795E-02      0.875225068750E-02
1122342      0.114420007327E+03       0.159142230679E-02     -0.938787558259E-02      0.779645327580E-02
1122437      0.114440002940E+03       0.192162798356E-02     -0.874942235580E-02      0.682779437225E-02
1122535      0.114460175394E+03       0.221777575588E-02     -0.807551007358E-02      0.585773431771E-02
1122630      0.114480176147E+03       0.248225570635E-02     -0.739997767235E-02      0.491772196600E-02
1122721      0.114500179176E+03       0.272833160947E-02     -0.674195731490E-02      0.401362570543E-02
1122810      0.114520145218E+03       0.296509796632E-02     -0.612406300260E-02      0.315896503628E-02
1122897      0.114540017165E+03       0.319320758955E-02     -0.555447011634E-02      0.236126252680E-02
1122984      0.114560191188E+03       0.341782885357E-02     -0.501887472788E-02      0.160104587431E-02
1123068      0.114580201911E+03       0.364330499294E-02     -0.453067430039E-02      0.887369307450E-03
1123150      0.114600122277E+03       0.387630172885E-02     -0.408774486638E-02      0.211443137534E-03
1123230      0.114620106563E+03       0.411262724401E-02     -0.368103394973E-02     -0.431593294273E-03
1123311      0.114640107636E+03       0.433911166212E-02     -0.330178238634E-02     -0.103732927579E-02
1123399      0.114660120084E+03       0.455673953823E-02     -0.295126268077E-02     -0.160547685746E-02
1123492      0.114680201133E+03       0.478580839786E-02     -0.265681482580E-02     -0.212899357206E-02
1123585      0.114700001849E+03       0.502778944561E-02     -0.244356181742E-02     -0.258422762819E-02
1123678      0.114720008794E+03       0.528655047832E-02     -0.231140036120E-02     -0.297515011712E-02
1123768      0.114740035223E+03       0.556996422782E-02     -0.227556766929E-02     -0.329439655854E-02
1123859      0.114760210289E+03       0.589216920878E-02     -0.234387610372E-02     -0.354829310506E-02
1123950      0.114780166251E+03       0.625681427907E-02     -0.250971705895E-02     -0.374709722011E-02
1124038      0.114800053689E+03       0.667146013597E-02     -0.275657952665E-02     -0.391488060932E-02
1124122      0.114820090541E+03       0.713463741353E-02     -0.305988292801E-02     -0.407475448551E-02
1124205      0.114840158805E+03       0.762358476505E-02     -0.338818929419E-02     -0.423539547085E-02
1124286      0.114860049822E+03       0.811122655890E-02     -0.371800924115E-02     -0.439321731775E-02
1124367      0.114880027770E+03       0.859428922345E-02     -0.404857104311E-02     -0.454571818034E-02
1124449      0.114900043294E+03       0.906516224658E-02     -0.437968693722E-02     -0.468547530936E-02
1124528      0.114920193803E+03       0.951246426461E-02     -0.470715125950E-02     -0.480531300511E-02
1124607      0.114940145797E+03       0.991525936386E-02     -0.501426130441E-02     -0.490099805944E-02
1124687      0.114960135377E+03       0.102702418023E-01     -0.529567072372E-02     -0.497457107855E-02
1124766      0.114980049302E+03       0.105720940921E-01     -0.554293620916E-02     -0.502915788297E-02
1124844      0.115000193434E+03       0.108263360151E-01     -0.575084953605E-02     -0.507548647904E-02
1124919      0.115020007290E+03       0.110323833278E-01     -0.590580610930E-02     -0.512657721849E-02
1124995      0.115040257340E+03       0.112100620136E-01     -0.600722179776E-02     -0.520284021582E-02
1125069      0.115060256232E+03       0.113705990393E-01     -0.604714102343E-02     -0.532345801592E-02
1125141      0.115080051258E+03       0.115331926556E-01     -0.602827071141E-02     -0.550492194421E-02
1125218      0.115100096542E+03       0.117210095413E-01     -0.596080284995E-02     -0.576020669132E-02
1125299      0.115120237738E+03       0.119560122106E-01     -0.586811445027E-02     -0.608789776028E-02
1125378      0.115140013101E+03       0.122518645135E-01     -0.578218087202E-02     -0.646968364147E-02
1125456      0.115160206375E+03       0.126334903862E-01     -0.572981687527E-02     -0.690367351092E-02
1125530      0.115180228967E+03       0.130979013174E-01     -0.574370968237E-02     -0.735419163502E-02
1125600      0.115200088413E+03       0.136447768021E-01     -0.584836168349E-02     -0.779641511864E-02
1125669      0.115220206227E+03       0.142826110274E-01     -0.606214050429E-02     -0.822047052313E-02
1125738      0.115240267180E+03       0.149961285563E-01     -0.638763111040E-02     -0.860849744587E-02
1125806      0.115260222263E+03       0.157750730955E-01     -0.681686531576E-02     -0.895820777970E-02
1125873      0.115280135443E+03       0.166093794983E-01     -0.733173066933E-02     -0.927764882896E-02
1125940      0.115300135745E+03       0.174851095671E-01     -0.790538637677E-02     -0.957972319031E-02
1126007      0.115320183799E+03       0.183751876586E-01     -0.850270099676E-02     -0.987248666188E-02
1126074      0.115340156941E+03       0.192506127688E-01     -0.909157384919E-02     -0.101590389196E-01
1126141      0.115360199650E+03       0.201050432577E-01     -0.966033740914E-02     -0.104447058485E-01
1126207      0.115380029582E+03       0.209280409399E-01     -0.101990198981E-01     -0.107290210418E-01
1126273      0.115400137797E+03       0.217522212894E-01     -0.107273899207E-01     -0.110248313687E-01
1126341      0.115420027491E+03       0.225722531705E-01     -0.112409293615E-01     -0.113313238090E-01
1126412      0.115440002984E+03       0.234108549933E-01     -0.117541372124E-01     -0.116567177809E-01
1126484      0.115460137397E+03       0.242742457307E-01     -0.122720824779E-01     -0.120021632528E-01
1126555      0.115480151141E+03       0.251458930479E-01     -0.127881587850E-01     -0.123577342629E-01
1126625      0.115500236089E+03       0.260238170263E-01     -0.133058521906E-01     -0.127179648356E-01
1126692      0.115520222368E+03       0.268906321109E-01     -0.138192420584E-01     -0.130713900524E-01
1126757      0.115540032776E+03       0.277394531863E-01     -0.143285113121E-01     -0.134109418742E-01
1126824      0.115560092204E+03       0.285906007521E-01     -0.148508710936E-01     -0.137397296585E-01
1126891      0.115580106190E+03       0.294342300719E-01     -0.153855097565E-01     -0.140487203154E-01
1126957      0.115600003802E+03       0.302667204937E-01     -0.159351018122E-01     -0.143316186815E-01
1127023      0.115620309033E+03       0.311041359068E-01     -0.165178673522E-01     -0.145862685546E-01
1127086      0.115640200123E+03       0.319022289868E-01     -0.171117723760E-01     -0.147904566108E-01
1127148      0.115660327810E+03       0.326740583287E-01     -0.177332962270E-01     -0.149407621017E-01
1127208      0.115680187231E+03       0.333875781376E-01     -0.183572713622E-01     -0.150303067754E-01
1127269      0.115700307296E+03       0.340525776642E-01     -0.189835553014E-01     -0.150690223628E-01
1127329      0.115720054101E+03       0.346443763684E-01     -0.195717503696E-01     -0.150726259988E-01
1127390      0.115740132235E+03       0.351828677318E-01     -0.201203896465E-01     -0.150624780853E-01
1127451      0.115760269372E+03       0.356588033303E-01     -0.205997462448E-01     -0.150590570855E-01
1127511      0.115780203714E+03       0.360678788906E-01     -0.209891346036E-01     -0.150787442869E-01
1127570      0.115800005362E+03       0.364150704681E-01     -0.212836315003E-01     -0.151314389678E-01
1127629      0.115820076353E+03       0.367083569695E-01     -0.214852583159E-01     -0.152230986536E-01
1127687      0.115840185667E+03       0.369436270694E-01     -0.215913211834E-01     -0.153523058860E-01
1127743      0.115860071575E+03       0.371198776768E-01     -0.216089223940E-01     -0.155109552828E-01
1127799      0.115880184407E+03       0.372457659743E-01     -0.215508721153E-01     -0.156948938589E-01
1127854      0.115900283710E+03       0.373276932714E-01     -0.214304695902E-01     -0.158972236813E-01
1127907      0.115920244957E+03       0.373768873717E-01     -0.212596836205E-01     -0.161172037512E-01
1127960      0.115940254947E+03       0.374063318038E-01     -0.210438928416E-01     -0.163624389622E-01
1128013      0.115960178059E+03       0.374273233592E-01     -0.207894736880E-01     -0.166378496712E-01
1128066      0.115980180306E+03       0.374487897187E-01     -0.204996721095E-01     -0.169491176092E-01
1128119      0.116000201174E+03       0.374757312740E-01     -0.201829208152E-01     -0.172928104588E-01
1128172      0.116020093787E+03       0.375090726597E-01     -0.198520355010E-01     -0.176570371587E-01
1128226      0.116040331639E+03       0.375471670421E-01     -0.195095509574E-01     -0.180376160847E-01
1128279      0.116060163495E+03       0.375836995930E-01     -0.191762070832E-01     -0.184074925098E-01
1128333      0.116080334616E+03       0.376151184046E-01     -0.188449400390E-01     -0.187701783655E-01
1128386      0.116100200422E+03       0.376381894195E-01     -0.185301787749E-01     -0.191080106445E-01
1128439      0.116120299672E+03       0.376547588215E-01     -0.182261750456E-01     -0.194285837759E-01
1128491      0.116140330634E+03       0.376678048966E-01     -0.179393689417E-01     -0.197284359549E-01
1128542      0.116160393334E+03       0.376811077613E-01     -0.176690117773E-01     -0.200120959840E-01
1128592      0.116180224716E+03       0.376971284023E-01     -0.174183386254E-01     -0.202787897769E-01
1128643      0.116200379562E+03       0.377174157875E-01     -0.171795938706E-01     -0.205378219169E-01
1128693      0.116220138054E+03       0.377412529794E-01     -0.169602838238E-01     -0.207809691557E-01
1128744      0.116240354993E+03       0.377699296970E-01     -0.167512449724E-01     -0.210186847246E-01
1128794      0.116260339674E+03       0.378037618169E-01     -0.165617913949E-01     -0.212419704220E-01
1128843      0.116280167798E+03       0.378445513529E-01     -0.163932571464E-01     -0.214512942065E-01
1128892      0.116300299627E+03       0.378950668385E-01     -0.162439977021E-01     -0.216510691364E-01
1128940      0.116320369390E+03       0.379560063384E-01     -0.161184342642E-01     -0.218375720742E-01
1128988      0.116340206655E+03       0.380281429586E-01     -0.160183559873E-01     -0.220097869714E-01
1129037      0.116360315685E+03       0.381150061952E-01     -0.159430149948E-01     -0.221719912004E-01
1129085      0.116380057698E+03       0.382146716392E-01     -0.158964703933E-01     -0.223182012459E-01
1129133      0.116400004149E+03       0.383291304474E-01     -0.158781024752E-01     -0.224510279721E-01
1129181      0.116420059679E+03       0.384556738853E-01     -0.158881766217E-01     -0.225674972636E-01
1129229      0.116440191598E+03       0.385909545182E-01     -0.159250965614E-01     -0.226658579567E-01
1129278      0.116460377696E+03       0.387319081035E-01     -0.159863050511E-01     -0.227456030524E-01
1129327      0.116480216337E+03       0.388734293272E-01     -0.160671150548E-01     -0.228063142724E-01
1129377      0.116500353110E+03       0.390183191086E-01     -0.161669036916E-01     -0.228514154170E-01
1129426      0.116520173207E+03       0.391601773572E-01     -0.162791689126E-01     -0.228810084446E-01
1129475      0.116540187767E+03       0.392999265794E-01     -0.164029117539E-01     -0.228970148255E-01
1129523      0.116560089163E+03       0.394318861586E-01     -0.165325850687E-01     -0.228993010899E-01
1129571      0.116580371765E+03       0.395553386568E-01     -0.166682375180E-01     -0.228871011388E-01
1129617      0.116600260933E+03       0.396625191790E-01     -0.168023452931E-01     -0.228601738859E-01
1129662      0.116620186998E+03       0.397546065741E-01     -0.169364131887E-01     -0.228181933854E-01
1129706      0.116640068504E+03       0.398317485451E-01     -0.170694218712E-01     -0.227623266739E-01
1129751      0.116660236788E+03       0.398975870956E-01     -0.172041151259E-01     -0.226934719697E-01
1129796      0.116680087627E+03       0.399543366370E-01     -0.173381615227E-01     -0.226161751143E-01
1129842      0.116700407748E+03       0.400092942430E-01     -0.174797933410E-01     -0.225295009019E-01
1129886      0.116720161158E+03       0.400647009950E-01     -0.176252781823E-01     -0.224394228127E-01
1129930      0.116740311028E+03       0.401278955528E-01     -0.177852769788E-01     -0.223426185740E-01
1129973      0.116760081367E+03       0.402002854829E-01     -0.179565179266E-01     -0.222437675563E-01
1130017      0.116780327201E+03       0.402883334436E-01     -0.181482109907E-01     -0.221401224529E-01
1130061      0.116800414246E+03       0.403922236037E-01     -0.183549551561E-01     -0.220372684476E-01
1130105      0.116820001616E+03       0.405112034506E-01     -0.185712825857E-01     -0.219399208649E-01
1130151      0.116840082661E+03       0.406522821551E-01     -0.188058525058E-01     -0.218464296492E-01
1130198      0.116860256387E+03       0.408134464642E-01     -0.190515229508E-01     -0.217619235134E-01
1130246      0.116880255669E+03       0.409912366201E-01     -0.193017562108E-01     -0.216894804093E-01
1130295      0.116900139614E+03       0.411833724670E-01     -0.195540400201E-01     -0.216293324470E-01
1130345      0.116920122828E+03       0.413883647084E-01     -0.198081971000E-01     -0.215801676084E-01
1130396      0.116940386272E+03       0.416039186970E-01     -0.200638632788E-01     -0.215400554182E-01
1130445      0.116960147914E+03       0.418168105053E-01     -0.203088481624E-01     -0.215079623429E-01
1130493      0.116980069875E+03       0.420292479690E-01     -0.205492088895E-01     -0.214800390795E-01
1130540      0.117000181128E+03       0.422367451280E-01     -0.207827826785E-01     -0.214539624496E-01
1130585      0.117020078553E+03       0.424308533133E-01     -0.210025778631E-01     -0.214282754502E-01
1130630      0.117040266964E+03       0.426125785193E-01     -0.212119027800E-01     -0.214006757392E-01
1130674      0.117060073041E+03       0.427728796183E-01     -0.214021497052E-01     -0.213707299131E-01
1130718      0.117080071780E+03       0.429144731413E-01     -0.215780320437E-01     -0.213364410977E-01
1130762      0.117100374191E+03       0.430363205806E-01     -0.217397776360E-01     -0.212965429446E-01
1130804      0.117120137535E+03       0.431339035650E-01     -0.218816573630E-01     -0.212522462020E-01
